# Distance(A) FCI(Ha) Skala(Ha) HF(Ha)
       0.500000       -1.055160       -1.082450       -1.042996
       0.589744       -1.112357       -1.137532       -1.097537
       0.679487       -1.134358       -1.157537       -1.116333
       0.769231       -1.136370       -1.157670       -1.114533
       0.858974       -1.127090       -1.146327       -1.100756
       0.948718       -1.111590       -1.128753       -1.079969
       1.038462       -1.092876       -1.107900       -1.055059
       1.128205       -1.072840       -1.085085       -1.027797
       1.217949       -1.052773       -1.061465       -0.999374
       1.307692       -1.033595       -1.037776       -0.970655
       1.397436       -1.015946       -1.015027       -0.942281
       1.487179       -1.000224       -0.993373       -0.914723
       1.576923       -0.986622       -0.973099       -0.888310
       1.666667       -0.975159       -0.954399       -0.863263
       1.756410       -0.965724       -0.937275       -0.839719
       1.846154       -0.958121       -0.921570       -0.817748
       1.935897       -0.952107       -0.907191       -0.797375
       2.025641       -0.947424       -0.894170       -0.778583
       2.115385       -0.943825       -0.882576       -0.761326
       2.205128       -0.941087       -0.872158       -0.745537
       2.294872       -0.939023       -0.862859       -0.731136
       2.384615       -0.937477       -0.854614       -0.718033
       2.474359       -0.936326       -0.847303       -0.706135
       2.564103       -0.935472       -0.840866       -0.695350
       2.653846       -0.934841       -0.835224       -0.685589
       2.743590       -0.934377       -0.830293       -0.676769
       2.833333       -0.934037       -0.825977       -0.668807
       2.923077       -0.933789       -0.822206       -0.661630
       3.012821       -0.933610       -0.818923       -0.655166
       3.102564       -0.933480       -0.816075       -0.649348
       3.192308       -0.933387       -0.813622       -0.644113
       3.282051       -0.933320       -0.811529       -0.639403
       3.371795       -0.933273       -0.809751       -0.635163
       3.461538       -0.933239       -0.808267       -0.631341
       3.551282       -0.933216       -0.807011       -0.627892
       3.641026       -0.933200       -0.805946       -0.624772
       3.730769       -0.933188       -0.805042       -0.621942
       3.820513       -0.933180       -0.804275       -0.619369
       3.910256       -0.933175       -0.803633       -0.617020
       4.000000       -0.933171       -0.803092       -0.614870
